1,1,121.1,332.89,134.67000000000002,61.06999999999999,1,1,1.0
1,2,208.87,250.42,94.01999999999998,40.95000000000002,1,1,1.0
1,3,733.05,268.6,72.15000000000009,35.39999999999998,1,1,1.0
2,1,99.2,335.2,138.60000000000002,61.10000000000002,1,1,1.0
2,2,208.87,250.42,94.01999999999998,41.00000000000003,1,1,1.0
2,3,721.41,269.2,69.79000000000008,37.329999999999984,1,1,1.0
3,1,73.4,335.2,144.79999999999998,65.80000000000001,1,1,1.0
3,2,208.87,250.42,94.01999999999998,41.06000000000003,1,1,1.0
3,3,709.3,270.2,70.30000000000007,38.900000000000034,1,1,1.0
4,1,49.9,342.2,145.6,63.5,1,1,1.0
4,2,208.87,250.42,94.01999999999998,41.12000000000003,1,1,1.0
4,3,693.6,272.2,73.89999999999998,38.400000000000034,1,1,1.0
5,1,23.27,347.68,146.42999999999998,63.5,1,1,1.0
5,2,208.87,250.42,94.01999999999998,41.16999999999999,1,1,1.0
5,3,679.4,274.7,74.5,39.400000000000034,1,1,1.0
6,1,0.6,347.68,148.0,68.21999999999997,1,1,1.0
6,2,208.87,250.42,94.01999999999998,41.22999999999999,1,1,1.0
6,3,664.7,276.2,77.59999999999991,39.900000000000034,1,1,1.0
7,1,0.6,355.5,122.9,67.39999999999998,1,1,1.0
7,2,208.87,250.42,94.01999999999998,41.28,1,1,1.0
7,3,649.5,276.2,79.20000000000005,42.400000000000034,1,1,1.0
8,1,0.0,359.42,100.8,67.39999999999998,1,1,1.0
8,2,208.87,250.42,94.01999999999998,41.34,1,1,1.0
8,3,635.9,278.2,79.70000000000005,43.10000000000002,1,1,1.0
9,1,0.0,363.3,81.2,63.50999999999999,1,1,1.0
9,2,208.87,250.42,94.01999999999998,41.400000000000006,1,1,1.0
9,3,622.0,280.7,81.60000000000002,42.19999999999999,1,1,1.0
10,1,0.0,366.4,55.4,60.420000000000016,1,1,1.0
10,2,208.87,250.42,94.01999999999998,41.45000000000002,1,1,1.0
10,3,605.6,282.3,82.69999999999993,44.39999999999998,1,1,1.0
11,1,0.78,375.79,28.02,57.31,1,1,1.0
11,2,208.87,250.42,94.01999999999998,41.51000000000002,1,1,1.0
11,3,590.6,284.5,84.89999999999998,44.10000000000002,1,1,1.0
12,2,208.87,250.42,94.01999999999998,41.57000000000002,1,1,1.0
12,3,575.3,286.1,85.5,43.599999999999966,1,1,1.0
13,2,208.87,250.42,94.01999999999998,41.62000000000003,1,1,1.0
13,3,558.4,288.0,87.70000000000005,41.69999999999999,1,1,1.0
14,2,208.87,250.42,94.01999999999998,41.680000000000035,1,1,1.0
14,3,543.7,290.5,88.79999999999995,47.39999999999998,1,1,1.0
15,2,208.87,250.42,94.01999999999998,41.72999999999999,1,1,1.0
15,3,527.3,291.9,88.60000000000002,48.700000000000045,1,1,1.0
16,2,208.87,250.42,94.01999999999998,41.78999999999999,1,1,1.0
16,3,510.1,294.6,91.39999999999998,51.19999999999999,1,1,1.0
17,2,208.87,250.42,94.01999999999998,41.849999999999994,1,1,1.0
17,3,492.66,299.0,96.33999999999997,47.89999999999998,1,1,1.0
18,2,208.87,250.42,94.01999999999998,41.900000000000006,1,1,1.0
18,3,473.9,299.0,97.10000000000002,51.39999999999998,1,1,1.0
19,2,208.87,250.42,94.01999999999998,41.96000000000001,1,1,1.0
19,3,457.4,301.5,97.80000000000007,52.19999999999999,1,1,1.0
20,2,208.87,250.42,94.01999999999998,42.01000000000002,1,1,1.0
20,3,442.4,304.8,95.10000000000002,53.0,1,1,1.0
21,2,208.87,250.42,94.01999999999998,42.07000000000002,1,1,1.0
21,3,424.1,307.0,98.69999999999993,53.5,1,1,1.0
22,2,208.87,250.42,94.01999999999998,42.130000000000024,1,1,1.0
22,3,406.4,310.3,101.40000000000003,50.19999999999999,1,1,1.0
23,2,208.87,250.42,94.01999999999998,42.180000000000035,1,1,1.0
23,3,388.8,312.9,102.89999999999998,52.200000000000045,1,1,1.0
24,2,208.87,250.42,94.01999999999998,42.24000000000004,1,1,1.0
24,3,367.2,317.0,108.10000000000002,56.0,1,1,1.0
25,2,208.87,250.42,94.01999999999998,42.28999999999999,1,1,1.0
25,3,348.9,319.1,110.10000000000002,56.599999999999966,1,1,1.0
26,2,208.87,250.42,94.01999999999998,42.349999999999994,1,1,1.0
26,3,328.6,320.4,108.79999999999995,59.200000000000045,1,1,1.0
27,2,208.87,250.42,94.01999999999998,42.41,1,1,1.0
27,3,307.7,325.6,114.0,58.599999999999966,1,1,1.0
28,2,208.87,250.42,94.01999999999998,42.46000000000001,1,1,1.0
28,3,288.1,328.2,115.89999999999998,58.60000000000002,1,1,1.0
29,2,208.87,250.42,94.01999999999998,42.52000000000001,1,1,1.0
29,3,265.2,334.1,119.80000000000001,59.89999999999998,1,1,1.0
30,2,208.87,250.42,94.01999999999998,42.57000000000002,1,1,1.0
30,3,247.5,337.4,117.89999999999998,58.60000000000002,1,1,1.0
31,2,208.87,250.42,94.01999999999998,42.630000000000024,1,1,1.0
31,3,223.3,340.7,122.5,61.19999999999999,1,1,1.0
32,2,208.87,250.42,94.01999999999998,42.690000000000026,1,1,1.0
32,3,198.7,344.6,126.80000000000001,62.5,1,1,1.0
33,2,208.87,250.42,94.01999999999998,42.74000000000004,1,1,1.0
33,3,176.5,345.9,132.0,66.40000000000003,1,1,1.0
34,2,208.87,250.42,94.01999999999998,42.80000000000004,1,1,1.0
34,3,150.1,352.4,136.20000000000002,65.80000000000001,1,1,1.0
35,2,208.87,250.42,94.01999999999998,42.849999999999994,1,1,1.0
35,3,126.9,356.2,140.49999999999997,66.10000000000002,1,1,1.0
36,2,208.87,250.42,94.01999999999998,42.91,1,1,1.0
36,3,100.5,358.3,144.6,72.09999999999997,1,1,1.0
37,2,208.87,250.42,94.01999999999998,42.97,1,1,1.0
37,3,74.2,364.7,150.0,71.19999999999999,1,1,1.0
38,2,208.87,250.42,94.01999999999998,43.02000000000001,1,1,1.0
38,3,47.9,367.8,150.0,75.09999999999997,1,1,1.0
39,2,208.87,250.42,94.01999999999998,43.08000000000001,1,1,1.0
39,3,18.5,373.9,157.1,76.10000000000002,1,1,1.0
40,2,208.87,250.42,94.01999999999998,43.130000000000024,1,1,1.0
40,3,0.3,380.0,152.0,78.10000000000002,1,1,1.0
41,2,208.87,250.42,94.01999999999998,43.190000000000026,1,1,1.0
41,3,0.3,382.0,126.7,76.10000000000002,1,1,1.0
42,2,208.87,250.42,94.01999999999998,43.25000000000003,1,1,1.0
42,3,0.3,390.1,101.3,77.09999999999997,1,1,1.0
43,2,208.87,250.42,94.01999999999998,43.30000000000004,1,1,1.0
43,3,0.3,390.1,80.0,77.09999999999997,1,1,1.0
44,2,208.87,250.42,94.01999999999998,43.359999999999985,1,1,1.0
44,3,0.3,390.1,50.6,77.09999999999997,1,1,1.0
45,2,208.87,250.42,94.01999999999998,43.41,1,1,1.0
45,3,0.3,413.4,22.2,43.700000000000045,1,1,1.0
46,2,208.87,250.42,94.01999999999998,43.47,1,1,1.0
47,2,208.87,250.42,94.01999999999998,43.53,1,1,1.0
48,2,208.87,250.42,94.01999999999998,43.58000000000001,1,1,1.0
49,2,208.87,250.42,94.01999999999998,43.640000000000015,1,1,1.0
50,2,208.87,250.42,94.01999999999998,43.70000000000002,1,1,1.0
50,4,954.87,232.98,5.1299999999999955,57.72,1,1,1.0
51,2,208.87,250.42,94.01999999999998,43.75000000000003,1,1,1.0
51,4,950.33,231.59,9.669999999999959,59.109999999999985,1,1,1.0
52,2,208.87,250.42,94.01999999999998,43.81000000000003,1,1,1.0
52,4,945.8,230.2,14.200000000000045,60.5,1,1,1.0
53,2,208.87,250.42,94.01999999999998,43.859999999999985,1,1,1.0
53,4,941.8,230.2,18.200000000000045,60.5,1,1,1.0
54,2,208.87,250.42,94.01999999999998,43.91999999999999,1,1,1.0
54,4,937.8,228.5,22.200000000000045,62.19999999999999,1,1,1.0
55,2,208.87,250.42,94.01999999999998,43.97999999999999,1,1,1.0
55,4,933.3,228.5,26.700000000000045,62.19999999999999,1,1,1.0
56,2,208.87,250.42,94.01999999999998,44.03,1,1,1.0
56,4,928.2,228.5,31.799999999999955,62.19999999999999,1,1,1.0
57,2,208.87,250.42,94.01999999999998,44.09,1,1,1.0
57,4,924.2,228.5,35.799999999999955,62.19999999999999,1,1,1.0
58,2,208.87,250.42,94.01999999999998,44.140000000000015,1,1,1.0
58,4,918.5,224.0,41.5,66.69999999999999,1,1,1.0
59,2,208.87,250.42,94.01999999999998,44.20000000000002,1,1,1.0
59,4,914.0,224.0,46.0,71.80000000000001,1,1,1.0
60,2,208.87,250.42,94.01999999999998,44.26000000000002,1,1,1.0
60,4,908.3,224.0,51.700000000000045,71.80000000000001,1,1,1.0
61,2,208.87,250.42,94.01999999999998,44.31000000000003,1,1,1.0
61,4,903.2,224.0,56.799999999999955,71.80000000000001,1,1,1.0
62,2,208.87,250.42,94.01999999999998,44.37000000000003,1,1,1.0
62,4,897.5,224.0,62.5,74.60000000000002,1,1,1.0
63,2,208.87,250.42,94.01999999999998,44.41999999999999,1,1,1.0
63,4,891.8,224.0,68.20000000000005,74.60000000000002,1,1,1.0
64,2,208.88,250.42,94.00999999999999,44.47999999999999,1,1,1.0
64,4,884.5,224.0,75.5,74.60000000000002,1,1,1.0
65,2,208.88,250.42,94.00999999999999,44.58000000000001,1,1,1.0
65,4,880.0,224.0,80.0,74.60000000000002,1,1,1.0
66,2,208.88,250.42,94.00999999999999,44.680000000000035,1,1,1.0
66,4,875.5,224.0,84.5,81.89999999999998,1,1,1.0
67,2,208.88,250.42,94.00999999999999,44.78,1,1,1.0
67,4,867.0,224.0,93.0,82.5,1,1,1.0
67,5,866.29,245.65,13.620000000000005,31.02000000000001,1,1,1.0
68,2,208.88,250.42,94.00999999999999,44.880000000000024,1,1,1.0
68,4,860.5,224.85,99.5,83.35,1,1,1.0
68,5,866.29,245.65,13.620000000000005,31.02000000000001,1,1,1.0
69,2,208.88,250.42,94.00999999999999,44.97999999999999,1,1,1.0
69,4,854.0,225.7,106.0,84.19999999999999,1,1,1.0
69,5,858.96,245.65,12.110000000000014,31.02000000000001,1,1,1.0
70,2,208.88,250.42,94.00999999999999,45.08000000000001,1,1,1.0
70,4,847.8,225.7,112.20000000000005,84.19999999999999,1,1,1.0
70,5,851.63,245.65,10.610000000000014,31.02000000000001,1,1,1.0
71,2,208.88,250.42,94.00999999999999,45.180000000000035,1,1,1.0
71,4,841.0,225.7,119.0,91.0,1,1,1.0
71,5,844.3,245.65,9.100000000000023,31.02000000000001,1,1,1.0
72,2,208.88,250.42,94.00999999999999,45.28,1,1,1.0
72,4,833.4,228.7,126.60000000000002,88.0,1,1,1.0
72,5,835.73,247.93,10.600000000000023,31.00999999999999,1,1,1.0
73,2,208.88,250.42,94.00999999999999,45.380000000000024,1,1,1.0
73,4,827.3,228.7,132.70000000000005,88.0,1,1,1.0
73,5,827.17,250.22,12.100000000000023,31.00000000000003,1,1,1.0
74,2,208.88,250.42,94.00999999999999,45.47999999999999,1,1,1.0
74,4,819.0,228.7,141.0,88.0,1,1,1.0
74,5,818.6,252.5,13.600000000000023,31.0,1,1,1.0
75,2,208.88,250.6,94.00999999999999,45.29999999999998,1,1,1.0
75,4,811.4,228.7,148.60000000000002,88.0,1,1,1.0
75,5,808.4,252.5,16.600000000000023,31.0,1,1,1.0
76,2,208.88,250.77,94.00999999999999,45.12999999999997,1,1,1.0
76,4,803.8,231.7,156.20000000000005,88.80000000000001,1,1,1.0
76,5,798.2,252.5,19.59999999999991,31.0,1,1,1.0
77,2,208.88,250.94,94.00999999999999,44.95999999999998,1,1,1.0
77,4,796.2,231.7,163.79999999999995,88.80000000000001,1,1,1.0
77,5,791.4,252.5,18.800000000000068,31.0,1,1,1.0
78,2,208.88,251.11,94.00999999999999,44.789999999999964,1,1,1.0
78,4,787.1,231.7,172.89999999999998,95.60000000000002,1,1,1.0
78,5,781.2,252.5,19.549999999999955,33.25,1,1,1.0
79,2,208.88,251.28,94.00999999999999,44.619999999999976,1,1,1.0
79,4,787.1,234.0,166.10000000000002,93.30000000000001,1,1,1.0
79,5,771.0,252.5,20.299999999999955,35.5,1,1,0.0
79,6,948.58,230.34,11.419999999999959,40.53999999999999,1,1,1.0
80,2,208.88,251.45,94.00999999999999,44.44999999999999,1,1,1.0
80,4,769.7,235.5,183.5,94.10000000000002,1,1,1.0
80,5,759.7,252.5,26.299999999999955,35.5,1,1,0.0
80,6,948.58,230.34,6.819999999999936,40.53999999999999,1,1,1.0
81,2,208.88,251.62,94.00999999999999,44.27999999999997,1,1,1.0
81,4,760.6,237.0,183.5,96.39999999999998,1,1,1.0
81,5,749.9,252.5,32.30000000000007,35.5,1,1,0.0
81,6,941.39,230.99,6.82000000000005,40.539999999999964,1,1,1.0
82,2,208.88,251.79,94.00999999999999,44.109999999999985,1,1,1.0
82,4,760.6,237.0,175.19999999999993,96.39999999999998,1,1,1.0
82,5,740.3,260.3,41.90000000000009,27.69999999999999,1,1,0.0
82,6,933.5,235.6,12.100000000000023,35.92999999999998,1,1,1.0
83,2,208.88,251.96,94.00999999999999,43.93999999999997,1,1,1.0
83,4,753.8,239.27,178.24,96.4,1,1,1.0
83,5,731.6,260.8,34.0,27.19999999999999,1,1,0.0
83,6,930.9,235.6,7.5,35.92999999999998,1,1,1.0
84,2,208.88,252.13,94.00999999999999,43.76999999999998,1,1,1.0
84,4,742.5,239.27,182.0,96.4,1,1,1.0
84,5,719.4,260.3,46.200000000000045,30.599999999999966,1,1,0.0
84,6,913.2,235.6,18.699999999999932,35.92999999999998,1,1,1.0
85,2,208.88,252.3,94.00999999999999,43.599999999999966,1,1,1.0
85,4,734.2,239.27,182.69999999999993,97.92999999999998,1,1,1.0
85,5,708.0,259.8,57.60000000000002,28.19999999999999,1,1,0.0
85,6,913.2,235.6,14.099999999999909,35.92999999999998,1,1,1.0
86,2,208.88,252.47,94.00999999999999,43.42999999999998,1,1,1.0
86,4,726.6,240.78,187.29999999999995,99.41999999999999,1,1,1.0
86,5,699.4,260.8,66.20000000000005,31.0,1,1,0.0
86,6,913.2,235.6,6.2999999999999545,35.92999999999998,1,1,1.0
87,2,208.88,252.64,94.00999999999999,43.25999999999999,1,1,1.0
87,4,715.3,242.3,191.0,100.19999999999999,1,1,1.0
87,5,688.7,261.8,76.89999999999998,30.0,1,1,0.0
87,6,896.9,238.9,18.700000000000045,32.62999999999997,1,1,1.0
88,2,208.88,252.81,94.00999999999999,43.089999999999975,1,1,1.0
88,4,703.2,242.3,197.0,100.19999999999999,1,1,1.0
88,5,675.5,263.7,73.0,31.0,1,1,0.0
88,6,877.9,238.9,31.800000000000068,32.62999999999997,1,1,1.0
89,2,208.88,252.98,94.00999999999999,42.91999999999999,1,1,1.0
89,4,691.1,243.06,202.29999999999995,105.54000000000002,1,1,1.0
89,5,663.8,262.8,80.30000000000007,33.89999999999998,1,1,0.0
89,6,877.9,238.9,24.600000000000023,32.62999999999997,1,1,1.0
90,2,208.88,253.15,94.00999999999999,42.74999999999997,1,1,1.0
90,4,686.6,246.8,200.69999999999993,103.30000000000001,1,1,1.0
90,5,652.6,262.8,71.5,33.89999999999998,1,1,0.0
90,6,853.7,244.1,42.299999999999955,27.42999999999998,1,1,1.0
91,2,208.88,253.32,94.00999999999999,42.579999999999984,1,1,1.0
91,4,665.4,246.8,213.60000000000002,103.30000000000001,1,1,1.0
91,5,641.9,262.8,67.5,33.89999999999998,1,1,0.0
91,6,853.05,244.1,35.75,30.00000000000003,1,1,1.0
92,2,208.88,253.49,94.00999999999999,42.40999999999997,1,1,1.0
92,4,665.4,246.8,207.5,107.09999999999997,1,1,1.0
92,5,626.8,262.8,71.90000000000009,33.89999999999998,1,1,0.0
92,6,853.05,244.1,28.850000000000023,30.00000000000003,1,1,1.0
93,2,208.88,253.66,94.00999999999999,42.23999999999998,1,1,1.0
93,4,645.7,246.8,221.0999999999999,112.39999999999998,1,1,1.0
93,5,615.6,262.8,75.29999999999995,33.89999999999998,1,1,0.0
93,6,853.05,244.1,21.950000000000045,30.00000000000003,1,1,1.0
94,2,208.88,253.83,94.00999999999999,42.069999999999965,1,1,1.0
94,4,645.7,246.8,213.5,112.39999999999998,1,1,1.0
94,5,603.4,264.8,76.70000000000005,31.899999999999977,1,1,0.0
94,6,836.7,244.1,28.5,30.00000000000003,1,1,1.0
95,2,208.88,254.0,94.00999999999999,41.89999999999998,1,1,1.0
95,4,623.0,246.8,232.39999999999998,116.89999999999998,1,1,1.0
95,5,589.7,262.8,78.69999999999993,33.89999999999998,1,1,0.0
95,6,816.4,244.1,41.60000000000002,30.00000000000003,1,1,1.0
96,2,208.88,254.02,94.00999999999999,41.87999999999997,1,1,1.0
96,4,623.0,246.8,220.29999999999995,119.89999999999998,1,1,1.0
96,5,579.4,262.8,79.70000000000005,33.89999999999998,1,1,0.0
96,6,807.9,244.1,43.60000000000002,30.00000000000003,1,1,1.0
97,2,208.88,254.05,94.00999999999999,41.849999999999966,1,1,1.0
97,4,598.8,246.8,240.70000000000005,124.39999999999998,1,1,1.0
97,5,565.2,267.7,88.0,31.400000000000034,1,1,0.0
97,6,785.0,248.7,57.299999999999955,25.400000000000034,1,1,1.0
98,2,208.88,254.07,94.00999999999999,41.829999999999984,1,1,1.0
98,4,598.8,246.8,230.9000000000001,130.5,1,1,1.0
98,5,553.0,267.7,87.0,31.400000000000034,1,1,0.0
98,6,785.0,248.7,45.5,25.400000000000034,1,1,1.0
99,2,208.88,254.1,94.00999999999999,41.79999999999998,1,1,1.0
99,4,573.1,246.8,249.79999999999995,130.5,1,1,1.0
99,5,540.8,267.7,95.30000000000007,34.80000000000001,1,1,0.0
99,6,768.7,248.7,54.59999999999991,25.400000000000034,1,1,1.0
100,2,208.88,254.12,94.00999999999999,41.77999999999997,1,1,1.0
100,4,573.1,249.8,240.69999999999993,133.59999999999997,1,1,1.0
100,5,540.8,267.7,81.60000000000002,34.80000000000001,1,1,0.0
100,6,757.6,248.7,53.89999999999998,25.400000000000034,1,1,1.0
101,2,208.88,254.15,94.00999999999999,41.74999999999997,1,1,1.0
101,4,546.6,249.8,255.79999999999995,133.59999999999997,1,1,1.0
101,5,513.0,267.7,101.10000000000002,37.69999999999999,1,1,0.0
101,6,742.6,248.7,59.69999999999993,25.400000000000034,1,1,1.0
102,2,208.88,254.17,94.00999999999999,41.72999999999999,1,1,1.0
102,4,535.3,249.8,261.0,137.39999999999998,1,1,1.0
102,5,498.8,272.6,100.19999999999999,32.799999999999955,1,1,0.0
102,6,732.1,248.7,64.29999999999995,25.400000000000034,1,1,1.0
103,2,208.88,254.2,94.00999999999999,41.69999999999999,1,1,1.0
103,4,520.93,251.31,264.7700000000001,137.39999999999998,1,1,1.0
103,5,483.7,272.6,110.40000000000003,37.19999999999999,1,1,0.0
103,6,721.0,248.7,63.60000000000002,25.400000000000034,1,1,1.0
104,2,208.88,254.22,94.00999999999999,41.67999999999998,1,1,1.0
104,4,505.8,251.31,273.09999999999997,137.39999999999998,1,1,1.0
104,5,472.5,272.6,105.0,34.299999999999955,1,1,0.0
104,6,707.9,248.7,69.5,25.400000000000034,1,1,1.0
105,2,208.88,254.25,94.00999999999999,41.64999999999998,1,1,1.0
105,4,492.16,252.8,276.2,143.47999999999996,1,1,1.0
105,5,458.8,272.6,99.69999999999999,36.299999999999955,1,1,0.0
105,6,697.44,253.93,69.5,25.399999999999977,1,1,1.0
106,2,208.88,254.27,94.00999999999999,41.62999999999997,1,1,1.0
106,4,475.5,252.8,285.29999999999995,148.8,1,1,1.0
106,5,442.7,272.6,106.50000000000006,37.799999999999955,1,1,0.0
106,6,685.67,255.89,69.5,25.400000000000034,1,1,1.0
107,2,208.88,254.3,94.00999999999999,41.599999999999966,1,1,1.0
107,4,461.9,252.8,289.80000000000007,151.8,1,1,1.0
107,5,430.0,272.6,112.39999999999998,38.299999999999955,1,1,0.0
107,7,938.1,218.6,21.899999999999977,51.00000000000003,1,1,1.0
107,6,675.21,255.24,69.5,25.399999999999977,1,1,1.0
108,2,208.88,254.32,94.00999999999999,41.579999999999984,1,1,1.0
108,4,445.3,252.8,294.99999999999994,157.89999999999998,1,1,1.0
108,5,415.8,272.6,104.59999999999997,39.799999999999955,1,1,0.0
108,7,938.1,215.3,21.899999999999977,54.30000000000001,1,1,1.0
108,6,662.79,256.55,69.5,25.399999999999977,1,1,1.0
109,2,208.88,254.34,94.00999999999999,41.559999999999974,1,1,1.0
109,4,427.9,252.8,303.30000000000007,160.89999999999998,1,1,1.0
109,5,403.1,272.6,104.59999999999997,39.799999999999955,1,1,0.0
109,7,934.2,215.3,25.799999999999955,54.30000000000001,1,1,1.0
109,6,644.5,256.55,75.36000000000001,25.399999999999977,1,1,1.0
110,2,208.88,254.37,94.00999999999999,41.52999999999997,1,1,1.0
110,4,412.0,255.8,309.4,162.39999999999998,1,1,1.0
110,5,387.0,272.6,106.0,43.69999999999999,1,1,0.0
110,7,929.6,215.3,30.399999999999977,57.599999999999966,1,1,1.0
110,6,624.2,256.55,87.79999999999995,25.399999999999977,1,1,1.0
111,2,208.88,254.39,94.00999999999999,41.50999999999999,1,1,1.0
111,4,394.6,255.8,314.69999999999993,167.7,1,1,1.0
111,5,373.9,277.2,106.70000000000005,39.69999999999999,1,1,0.0
111,7,923.7,215.3,36.299999999999955,57.599999999999966,1,1,1.0
111,6,624.2,256.55,76.0,25.399999999999977,1,1,1.0
112,2,208.88,254.42,94.00999999999999,41.47999999999999,1,1,1.0
112,4,374.9,255.8,326.1,175.3,1,1,1.0
112,5,359.5,277.2,108.0,38.400000000000034,1,1,0.0
112,7,919.1,215.3,40.89999999999998,57.599999999999966,1,1,1.0
112,6,594.8,256.55,92.30000000000007,25.399999999999977,1,1,1.0
113,2,208.88,254.44,94.00999999999999,41.45999999999998,1,1,1.0
113,4,356.77,276.23,334.43000000000006,158.66999999999996,1,1,1.0
113,5,344.5,277.2,106.69999999999999,38.400000000000034,1,1,0.0
113,7,913.2,215.3,46.799999999999955,57.599999999999966,1,1,1.0
113,6,579.8,256.55,96.20000000000005,25.399999999999977,1,1,1.0
114,2,208.88,254.47,94.00999999999999,41.42999999999998,1,1,1.0
114,4,342.4,276.23,335.9,163.16999999999996,1,1,1.0
114,5,327.5,277.2,113.19999999999999,38.400000000000034,1,1,0.0
114,7,910.6,215.3,49.39999999999998,57.599999999999966,1,1,1.0
114,6,564.1,256.55,102.69999999999993,25.399999999999977,1,1,1.0
115,2,208.88,254.49,94.00999999999999,41.40999999999997,1,1,1.0
115,4,321.2,280.0,346.50000000000006,163.89999999999998,1,1,1.0
115,5,321.0,277.2,102.69999999999999,38.400000000000034,1,1,0.0
115,7,903.4,215.3,56.60000000000002,57.599999999999966,1,1,1.0
115,6,554.9,256.55,96.20000000000005,25.399999999999977,1,1,1.0
116,2,208.88,254.52,94.00999999999999,41.37999999999997,1,1,1.0
116,4,301.6,280.0,352.5,163.89999999999998,1,1,1.0
116,5,298.8,277.2,111.80000000000001,36.5,1,1,0.0
116,7,902.1,215.3,57.89999999999998,57.599999999999966,1,1,1.0
116,6,548.4,256.55,90.89999999999998,31.25,1,1,1.0
117,2,208.88,254.54,94.00999999999999,41.359999999999985,1,1,1.0
117,4,280.7,281.5,365.09999999999997,170.0,1,1,1.0
117,5,281.1,277.2,116.39999999999998,41.10000000000002,1,1,0.0
117,7,896.9,215.3,63.10000000000002,57.599999999999966,1,1,1.0
117,6,548.4,257.9,77.20000000000005,29.900000000000034,1,1,1.0
118,2,208.88,254.57,94.00999999999999,41.329999999999984,1,1,1.0
118,4,262.9,284.5,370.80000000000007,173.8,1,1,1.0
118,5,268.7,276.5,112.5,44.39999999999998,1,1,0.0
118,7,893.0,215.3,67.0,57.599999999999966,1,1,1.0
118,6,509.8,260.5,102.09999999999997,37.80000000000001,1,1,1.0
119,2,208.88,254.59,94.00999999999999,41.309999999999974,1,1,1.0
119,4,241.7,289.8,382.2,175.3,1,1,1.0
119,5,252.4,282.4,113.1,38.5,1,1,0.0
119,7,884.5,215.3,75.5,57.599999999999966,1,1,1.0
119,6,494.8,260.5,104.69999999999999,37.80000000000001,1,1,1.0
120,2,208.88,254.61,94.00999999999999,41.289999999999964,1,1,1.0
120,4,217.5,289.8,393.5,185.2,1,1,1.0
120,5,235.4,282.4,116.4,41.80000000000001,1,1,0.0
120,7,878.6,215.3,75.5,57.599999999999966,1,1,1.0
120,6,479.8,260.5,105.30000000000001,37.80000000000001,1,1,1.0
121,2,208.88,254.64,94.00999999999999,41.25999999999999,1,1,1.0
121,4,193.5,289.8,402.4,188.89999999999998,1,1,1.0
121,5,219.1,282.4,115.70000000000002,41.80000000000001,1,1,0.0
121,7,871.4,215.3,77.5,57.599999999999966,1,1,1.0
121,6,466.1,263.1,105.89999999999998,35.19999999999999,1,1,1.0
122,2,208.88,254.66,94.00999999999999,41.23999999999998,1,1,1.0
122,4,171.6,289.8,411.4,195.7,1,1,1.0
122,5,202.1,282.4,117.00000000000003,41.80000000000001,1,1,0.0
122,7,868.1,217.3,78.19999999999993,57.599999999999966,1,1,1.0
122,6,452.4,263.1,104.60000000000002,35.19999999999999,1,1,1.0
123,2,208.88,254.69,94.00999999999999,41.20999999999998,1,1,1.0
123,4,146.6,295.9,423.5,195.70000000000005,1,1,1.0
123,5,185.8,284.4,118.30000000000001,39.80000000000001,1,1,0.0
123,7,863.5,217.3,78.20000000000005,57.599999999999966,1,1,1.0
123,6,436.1,263.1,105.79999999999995,41.099999999999966,1,1,1.0
124,2,208.88,254.71,94.00999999999999,41.18999999999997,1,1,1.0
124,4,123.7,299.8,435.09999999999997,200.89999999999998,1,1,1.0
124,5,168.8,282.4,121.5,41.80000000000001,1,1,0.0
124,7,857.0,217.3,80.10000000000002,57.599999999999966,1,1,1.0
124,6,421.1,266.4,111.0,37.80000000000001,1,1,1.0
125,2,208.88,254.74,94.00999999999999,41.15999999999997,1,1,1.0
125,4,93.4,301.4,451.80000000000007,207.60000000000002,1,1,1.0
125,5,149.8,292.9,121.5,39.80000000000001,1,1,0.0
125,7,853.1,217.3,80.10000000000002,57.599999999999966,1,1,1.0
125,6,404.8,266.4,110.99999999999994,43.0,1,1,1.0
126,2,208.88,254.76,94.00999999999999,41.139999999999986,1,1,1.0
126,4,64.7,303.9,463.90000000000003,210.39999999999998,1,1,1.0
126,5,135.4,292.9,119.6,39.80000000000001,1,1,0.0
126,7,842.6,219.3,85.39999999999998,55.599999999999966,1,1,1.0
126,6,392.4,266.4,111.60000000000002,43.0,1,1,1.0
127,2,208.88,254.79,94.00999999999999,41.109999999999985,1,1,1.0
127,4,36.7,306.2,480.59999999999997,215.7,1,1,1.0
127,5,116.4,292.9,122.9,39.80000000000001,1,1,0.0
127,7,838.7,219.3,84.69999999999993,59.5,1,1,1.0
127,6,378.67,269.02,111.59999999999997,43.0,1,1,1.0
128,2,208.88,254.81,94.00999999999999,41.089999999999975,1,1,1.0
128,4,9.5,309.5,493.4,212.39999999999998,1,1,1.0
128,5,98.7,292.9,122.3,45.0,1,1,0.0
128,7,833.5,219.3,85.29999999999995,59.5,1,1,1.0
128,6,364.29,269.67,110.31,47.52999999999997,1,1,1.0
129,2,208.88,254.84,94.00999999999999,41.059999999999974,1,1,1.0
129,4,0.4,312.6,486.6,225.89999999999998,1,1,1.0
129,5,81.0,298.2,128.2,39.69999999999999,1,1,0.0
129,7,827.0,219.3,86.60000000000002,59.5,1,1,1.0
129,6,348.59,270.98,114.21000000000004,47.52999999999997,1,1,1.0
130,2,208.88,254.86,94.00999999999999,41.039999999999964,1,1,1.0
130,4,0.4,312.6,472.20000000000005,225.89999999999998,1,1,1.0
130,5,62.97,297.5,125.83000000000001,46.30000000000001,1,1,0.0
130,7,827.0,219.3,81.39999999999998,59.5,1,1,1.0
130,6,331.6,270.98,120.69999999999999,47.52999999999997,1,1,1.0
131,2,208.88,254.89,94.00999999999999,41.00999999999999,1,1,1.0
131,4,0.4,316.4,455.6,222.10000000000002,1,1,1.0
131,5,40.6,300.1,131.3,43.69999999999999,1,1,0.0
131,7,814.6,219.3,88.60000000000002,60.80000000000001,1,1,1.0
131,6,315.9,270.98,115.5,50.81999999999999,1,1,1.0
132,2,208.88,254.91,94.00999999999999,40.98999999999998,1,1,1.0
132,4,0.4,318.7,439.70000000000005,219.8,1,1,1.0
132,5,23.0,302.2,134.5,41.60000000000002,1,1,0.0
132,7,807.4,221.3,88.0,59.5,1,1,1.0
132,6,302.8,271.0,120.09999999999997,50.80000000000001,1,1,1.0
133,2,208.88,254.93,94.00999999999999,40.96999999999997,1,1,1.0
133,4,0.4,322.5,423.1,216.0,1,1,1.0
133,5,2.1,302.8,135.1,41.0,1,1,0.0
133,7,802.2,221.3,88.59999999999991,59.5,1,1,1.0
133,6,287.11,273.62,120.09999999999997,50.80000000000001,1,1,1.0
133,8,682.32,531.92,61.8599999999999,8.080000000000041,1,1,1.0
134,2,208.88,254.96,94.00999999999999,40.93999999999997,1,1,1.0
134,4,0.4,327.0,405.70000000000005,211.5,1,1,1.0
134,5,2.1,302.2,116.80000000000001,48.400000000000034,1,1,0.0
134,7,796.3,221.3,87.30000000000007,59.5,1,1,1.0
134,6,270.11,275.58,120.09999999999997,50.80000000000001,1,1,1.0
134,8,682.32,526.9,90.17999999999995,13.100000000000023,1,1,1.0
135,2,208.88,254.98,94.00999999999999,40.91999999999999,1,1,1.0
135,4,0.4,327.0,384.5,211.5,1,1,1.0
135,5,0.0,305.4,102.6,47.200000000000045,1,1,0.0
135,7,783.9,221.3,93.20000000000005,62.80000000000001,1,1,1.0
135,6,254.42,274.92,120.1,50.80000000000001,1,1,1.0
135,8,682.32,521.3,114.4799999999999,18.700000000000045,1,1,1.0
136,2,208.88,255.01,94.00999999999999,40.889999999999986,1,1,1.0
136,4,0.4,330.8,368.6,207.7,1,1,1.0
136,5,0.0,306.6,81.5,48.0,1,1,0.0
136,7,780.0,222.6,92.5,61.50000000000003,1,1,1.0
136,6,239.38,276.23,120.10000000000002,50.799999999999955,1,1,1.0
136,8,693.4,515.7,118.60000000000002,24.299999999999955,1,1,1.0
137,2,208.88,255.03,94.00999999999999,40.869999999999976,1,1,1.0
137,4,0.4,336.1,348.90000000000003,202.39999999999998,1,1,1.0
137,5,0.0,310.7,65.2,41.19999999999999,1,1,0.0
137,7,771.49,223.3,93.80999999999995,62.80000000000001,1,1,1.0
137,6,224.99,278.85,120.09999999999997,50.799999999999955,1,1,1.0
137,8,693.4,509.1,136.80000000000007,30.899999999999977,1,1,1.0
138,2,208.88,255.06,94.00999999999999,40.839999999999975,1,1,1.0
138,4,0.4,339.9,330.70000000000005,198.60000000000002,1,1,1.0
138,5,0.0,310.7,46.9,41.19999999999999,1,1,0.0
138,7,761.0,223.3,99.70000000000005,62.80000000000001,1,1,1.0
138,6,209.3,281.46,120.09999999999997,50.80000000000001,1,1,1.0
138,8,713.6,502.0,129.19999999999993,38.0,1,1,1.0
139,2,208.88,255.08,94.00999999999999,40.819999999999965,1,1,1.0
139,4,0.4,342.9,311.8,195.60000000000002,1,1,1.0
139,5,0.0,315.44,27.32,41.19999999999999,1,1,0.0
139,7,761.0,223.3,92.5,61.5,1,1,1.0
139,6,190.34,284.08,120.1,50.80000000000001,1,1,1.0
139,8,715.6,496.4,137.79999999999995,43.60000000000002,1,1,1.0
140,2,208.88,255.11,94.00999999999999,40.789999999999964,1,1,1.0
140,4,0.0,344.4,290.29,194.10000000000002,1,1,1.0
140,5,0.0,315.44,10.4,41.19999999999999,1,1,0.0
140,7,747.3,223.3,99.70000000000005,66.09999999999997,1,1,1.0
140,6,172.03,284.08,120.1,50.80000000000001,1,1,1.0
140,8,724.7,491.8,135.79999999999995,48.19999999999999,1,1,1.0
141,2,208.88,255.13,94.00999999999999,40.76999999999998,1,1,1.0
141,4,0.0,348.2,267.6,190.3,1,1,1.0
141,7,739.5,223.3,99.0,66.09999999999997,1,1,1.0
141,6,155.03,284.73,128.57000000000002,49.46999999999997,1,1,1.0
141,8,733.3,486.7,137.80000000000007,53.30000000000001,1,1,1.0
142,2,208.88,255.16,94.00999999999999,40.73999999999998,1,1,1.0
142,4,0.0,353.5,247.2,185.0,1,1,1.0
142,7,739.5,226.6,94.39999999999998,62.79999999999998,1,1,1.0
142,6,138.03,285.38,128.57000000000002,49.47000000000003,1,1,1.0
142,8,744.9,480.1,132.30000000000007,59.89999999999998,1,1,1.0
143,2,208.88,255.18,94.00999999999999,40.71999999999997,1,1,1.0
143,4,0.0,358.8,223.7,179.7,1,1,1.0
143,7,721.8,226.6,105.60000000000002,62.79999999999998,1,1,1.0
143,6,117.76,282.8,128.57,55.31999999999999,1,1,1.0
143,8,753.5,475.5,132.29999999999995,64.5,1,1,1.0
144,2,208.88,255.2,94.00999999999999,40.69999999999999,1,1,1.0
144,4,0.0,363.3,203.3,175.2,1,1,1.0
144,7,719.8,226.6,101.10000000000002,65.50000000000003,1,1,1.0
144,6,102.1,282.8,136.4,55.31999999999999,1,1,1.0
144,8,765.68,471.4,128.92000000000007,68.60000000000002,1,1,1.0
145,2,208.88,255.23,94.00999999999999,40.66999999999999,1,1,1.0
145,4,0.0,363.3,178.3,175.2,1,1,1.0
145,7,710.0,226.6,101.70000000000005,65.50000000000003,1,1,1.0
145,6,84.4,282.8,135.1,55.31999999999999,1,1,1.0
145,8,776.51,467.3,126.88999999999999,72.69999999999999,1,1,1.0
146,2,208.88,255.25,94.00999999999999,40.64999999999998,1,1,1.0
146,4,0.0,368.6,157.9,169.89999999999998,1,1,1.0
146,7,702.2,226.6,104.29999999999995,70.70000000000002,1,1,1.0
146,6,66.1,284.8,136.20000000000002,60.099999999999966,1,1,1.0
146,8,785.3,459.9,124.20000000000005,80.10000000000002,1,1,1.0
147,2,208.88,255.28,94.00999999999999,40.619999999999976,1,1,1.0
147,4,0.0,373.1,129.9,165.39999999999998,1,1,1.0
147,7,693.1,227.3,105.60000000000002,70.69999999999999,1,1,1.0
147,6,43.8,285.5,143.0,59.39999999999998,1,1,1.0
147,8,792.7,457.9,122.89999999999998,80.70000000000005,1,1,1.0
148,2,208.88,255.3,94.00999999999999,40.599999999999966,1,1,1.0
148,4,0.76,376.09,104.94,160.90000000000003,1,1,1.0
148,7,685.9,227.3,104.30000000000007,69.39999999999998,1,1,1.0
148,6,27.6,290.8,140.8,57.5,1,1,1.0
148,8,803.53,451.81,122.89999999999998,85.39000000000004,1,1,1.0
149,2,208.88,255.33,94.00999999999999,40.569999999999965,1,1,1.0
149,4,0.76,386.7,78.44,150.29000000000002,1,1,1.0
149,7,676.7,227.3,103.0,69.39999999999998,1,1,1.0
149,6,10.6,291.4,142.20000000000002,60.900000000000034,1,1,1.0
149,8,814.35,447.07,116.85000000000002,82.72999999999996,1,1,1.0
150,2,208.88,255.35,94.00999999999999,40.54999999999998,1,1,1.0
150,4,0.76,386.7,51.24,151.8,1,1,1.0
150,7,667.5,228.0,108.29999999999995,68.69999999999999,1,1,1.0
150,6,1.2,291.4,137.3,60.900000000000034,1,1,1.0
150,8,821.8,441.66,116.20000000000005,86.13999999999993,1,1,1.0
151,2,208.88,255.38,94.00999999999999,40.51999999999998,1,1,1.0
151,4,0.76,405.6,17.939999999999998,132.89999999999998,1,1,1.0
151,7,659.0,228.0,109.0,68.69999999999999,1,1,1.0
151,6,0.0,291.4,118.8,61.5,1,1,1.0
151,8,829.24,439.6,114.86000000000001,80.79999999999995,1,1,1.0
152,2,208.88,255.4,94.00999999999999,40.49999999999997,1,1,1.0
152,7,648.5,228.0,111.0,68.69999999999999,1,1,1.0
152,6,0.0,295.5,99.9,63.5,1,1,1.0
152,8,836.01,436.22,113.49000000000001,78.77999999999997,1,1,1.0
153,2,208.88,255.43,94.00999999999999,40.46999999999997,1,1,1.0
153,7,635.4,228.0,116.30000000000007,68.69999999999999,1,1,1.0
153,6,0.0,296.1,85.0,58.299999999999955,1,1,1.0
153,8,845.5,430.8,109.10000000000002,78.80000000000001,1,1,1.0
154,2,208.88,255.45,94.00999999999999,40.44999999999999,1,1,1.0
154,7,627.6,228.0,116.89999999999998,68.69999999999999,1,1,1.0
154,6,0.0,297.4,66.7,57.0,1,1,1.0
154,8,854.3,426.74,105.04000000000008,78.86000000000001,1,1,1.0
155,2,208.88,255.48,94.00999999999999,40.41999999999999,1,1,1.0
155,7,619.8,228.0,116.90000000000009,68.69999999999999,1,1,1.0
155,6,0.0,300.5,46.6,53.89999999999998,1,1,1.0
155,8,860.9,424.0,98.44000000000005,76.19999999999999,1,1,1.0
156,2,208.88,255.5,94.00999999999999,40.39999999999998,1,1,1.0
156,7,612.0,229.3,116.89999999999998,67.39999999999998,1,1,1.0
156,6,0.0,302.2,30.0,52.19999999999999,1,1,1.0
156,8,866.5,419.26,93.5,78.94,1,1,1.0
157,2,208.88,255.5,94.00999999999999,40.579999999999984,1,1,1.0
157,7,602.8,231.9,115.60000000000002,66.79999999999998,1,1,1.0
157,6,0.0,308.8,11.2,45.599999999999966,1,1,1.0
157,8,874.6,416.2,85.39999999999998,73.19999999999999,1,1,1.0
158,2,208.88,255.5,94.00999999999999,40.75,1,1,1.0
158,7,593.0,233.2,117.60000000000002,66.19999999999999,1,1,1.0
158,8,880.2,411.29,79.79999999999995,72.81,1,1,1.0
159,2,208.88,255.5,94.00999999999999,40.93000000000001,1,1,1.0
159,7,581.9,233.9,116.89999999999998,68.1,1,1,1.0
159,8,888.3,409.3,71.70000000000005,74.80000000000001,1,1,1.0
160,2,208.88,255.5,94.00999999999999,41.110000000000014,1,1,1.0
160,7,574.7,234.5,116.89999999999998,67.5,1,1,1.0
160,8,893.4,405.3,66.60000000000002,71.69999999999999,1,1,1.0
161,2,208.88,255.5,94.00999999999999,41.27999999999997,1,1,1.0
161,7,562.9,233.2,117.60000000000002,68.80000000000001,1,1,1.0
161,8,900.5,401.8,59.5,68.09999999999997,1,1,1.0
162,2,208.88,255.5,94.00999999999999,41.45999999999998,1,1,1.0
162,7,552.4,232.5,120.30000000000007,69.5,1,1,1.0
162,8,906.1,398.8,53.89999999999998,67.09999999999997,1,1,1.0
163,2,208.88,255.5,94.00999999999999,41.639999999999986,1,1,1.0
163,7,543.9,233.2,119.0,72.10000000000002,1,1,1.0
163,8,912.2,396.8,47.799999999999955,65.09999999999997,1,1,1.0
164,2,208.88,255.5,94.00999999999999,41.81,1,1,1.0
164,7,543.9,233.9,109.80000000000007,71.4,1,1,1.0
164,8,913.2,394.3,46.799999999999955,64.59999999999997,1,1,1.0
165,2,208.88,255.5,94.00999999999999,41.99000000000001,1,1,1.0
165,7,528.9,233.2,114.30000000000007,72.80000000000001,1,1,1.0
165,8,913.2,390.8,46.799999999999955,65.09999999999997,1,1,1.0
166,2,208.88,255.5,94.00999999999999,42.160000000000025,1,1,1.0
166,7,505.4,235.2,127.30000000000007,71.5,1,1,1.0
166,8,913.2,388.8,46.799999999999955,62.599999999999966,1,1,1.0
167,2,208.88,255.5,94.00999999999999,42.339999999999975,1,1,1.0
167,7,494.9,235.2,127.30000000000007,72.80000000000001,1,1,1.0
167,8,913.2,386.3,46.799999999999955,61.099999999999966,1,1,1.0
168,2,208.88,255.5,94.00999999999999,42.51999999999998,1,1,1.0
168,7,483.8,239.1,127.90000000000003,70.79999999999998,1,1,1.0
168,8,938.5,386.3,21.5,57.599999999999966,1,1,1.0
169,2,208.88,255.5,94.00999999999999,42.69,1,1,1.0
169,7,473.3,239.1,131.2,70.20000000000002,1,1,1.0
169,8,944.6,386.3,15.399999999999977,55.599999999999966,1,1,1.0
170,2,208.88,255.5,94.00999999999999,42.870000000000005,1,1,1.0
170,7,458.9,239.1,133.20000000000005,71.50000000000003,1,1,1.0
170,8,950.7,386.3,9.299999999999955,54.599999999999966,1,1,1.0
171,2,208.88,255.5,94.00999999999999,43.05000000000001,1,1,1.0
171,7,449.09,239.1,133.2,71.50000000000003,1,1,1.0
171,8,955.2,386.3,4.7999999999999545,54.599999999999966,1,1,1.0
172,2,208.88,255.5,94.00999999999999,43.22000000000003,1,1,1.0
172,7,437.3,239.1,133.2,72.20000000000002,1,1,1.0
173,2,208.88,255.5,94.00999999999999,43.39999999999998,1,1,1.0
173,7,425.5,239.1,134.5,72.79999999999998,1,1,1.0
174,2,208.88,255.5,94.00999999999999,43.25999999999999,1,1,1.0
174,7,413.7,239.1,134.50000000000006,72.20000000000002,1,1,1.0
175,2,208.88,255.5,94.00999999999999,43.120000000000005,1,1,1.0
175,7,402.6,241.1,144.29999999999995,74.79999999999998,1,1,1.0
176,2,208.88,255.5,94.00999999999999,42.99000000000001,1,1,1.0
176,7,393.4,241.1,133.20000000000005,72.9,1,1,1.0
177,2,208.88,255.5,94.00999999999999,42.85000000000002,1,1,1.0
177,7,381.6,241.1,135.79999999999995,72.20000000000002,1,1,1.0
178,2,208.88,255.5,94.00999999999999,42.70999999999998,1,1,1.0
178,7,369.8,241.1,137.09999999999997,74.79999999999998,1,1,1.0
179,2,208.88,255.5,94.00999999999999,42.56999999999999,1,1,1.0
179,7,358.7,241.1,135.8,78.70000000000002,1,1,1.0
180,2,208.88,255.5,94.00999999999999,42.43000000000001,1,1,1.0
180,7,346.3,241.1,137.09999999999997,73.4,1,1,1.0
181,2,208.88,255.5,94.00999999999999,42.30000000000001,1,1,1.0
181,7,333.2,241.1,141.0,72.70000000000002,1,1,1.0
182,2,208.88,255.5,94.00999999999999,42.160000000000025,1,1,1.0
182,7,322.7,241.1,139.10000000000002,73.4,1,1,1.0
183,2,208.88,255.5,94.00999999999999,42.01999999999998,1,1,1.0
183,7,310.9,241.1,140.40000000000003,74.00000000000003,1,1,1.0
184,2,208.88,255.5,94.00999999999999,41.879999999999995,1,1,1.0
184,7,303.02,243.06,138.48000000000002,73.44,1,1,1.0
185,2,208.88,255.5,94.00999999999999,41.879999999999995,1,1,1.0
185,7,290.6,243.06,141.09999999999997,74.04000000000002,1,1,1.0
186,2,208.88,255.5,94.00999999999999,41.879999999999995,1,1,1.0
186,7,277.5,243.06,141.8,77.33999999999997,1,1,1.0
187,2,208.88,255.5,94.00999999999999,41.879999999999995,1,1,1.0
187,7,265.1,243.06,142.39999999999998,81.94,1,1,1.0
188,2,208.88,255.5,94.00999999999999,41.879999999999995,1,1,1.0
188,7,255.3,243.7,140.39999999999998,81.90000000000003,1,1,1.0
189,2,208.88,255.5,94.00999999999999,41.879999999999995,1,1,1.0
189,7,242.9,243.7,145.6,80.60000000000002,1,1,1.0
190,2,208.88,255.5,94.00999999999999,41.879999999999995,1,1,0.0
190,7,226.6,243.7,146.9,85.30000000000001,1,1,1.0
